5031
54.78906190981148
228.02461608573722
669.1578707311037
544.5633705034571
645.4511904441405
467.5320882698706
464.9545847504947
839.5461673586728
278.49869997393927
138.94955536818577
902.4092990215437
230.7999517886946
411.20572933983965
672.749488458543
494.8567711305038
283.6539671523851
456.94641672323786
956.9945644772143
606.4350544142985
124.188053066002
71.26292452786764
646.35514011853
421.4064277801614
616.9927063376264
319.85831105884756
800.2637262290258
63.17943608612786
496.4097972174487
872.7093131816442
131.36467535255025
150.29406798733947
4.38515848333465
318.6904756881245
415.9254649923907
979.9521418646855
936.696995439256
801.5452148342516
294.63361171636836
89.24582674283155
254.20650908064923
440.73589519932466
775.210982487518
160.05682271274546
576.9108470974672
419.64925599348913
237.53558619585436
105.66977631076735
945.9601601825294
198.82952381859832
637.4677590344645
705.463089944494
212.4343613183447
43.35676046997183
907.3365932855636
338.6113512251676
291.55725922567956
941.1827742810513
259.0495365503698
208.55320753697015
307.1591336109432
33.183194009190565
210.04598967967482
947.0492212464907
343.5810507530683
875.8786231705972
672.8239500003538
639.9747652296678
120.84766750976017
214.22379593909545
375.52595568341195
126.5625373048006
413.8173620968788
454.55866101790485
214.07905223801026
889.6306020282793
447.1522710378811
696.7607577874751
875.6405707365597
976.401268943019
815.3323738942436
9.833270159423035
218.6101448094937
167.8370895410819
700.5720681558113
616.6091635370819
446.2255151543639
48.99031241773055
291.3790684519871
790.9460872834314
68.76783928216734
723.682171423817
340.62925185395795
564.7330291210319
13.659980160522721
663.8992891366812
744.4135887891149
792.2243434480356
13.248977738646083
587.6143652191105
871.5457539755066
725.6624993642371
576.8217908669749
318.30861673288825
128.50261080063063
18.84585851744358
436.41131464546055
295.29401110757567
905.7016744944921
994.2435623251423
345.20709330719603
776.0035265853463
618.4031625370955
84.45433495550392
502.8935514842739
799.7378471967758
29.15674219335429
590.2517341242942
683.9958709480312
666.9273178914023
418.59592598828544
285.1539439896822
353.3216487066193
28.788471536671633
457.51596320026823
940.4004409146639
666.8444704234153
679.3245609758847
825.5536267287154
544.4146777211027
276.8828648390569
794.9395842232155
720.4207963857584
847.2759161587019
287.1864987725632
676.5063669565113
406.5253158453867
873.4194676444108
536.5487527735233
14.54859213045767
862.9470344306333
214.72957083504375
628.8231601672703
320.26804156988476
408.1180973514622
241.38453570250263
772.7283172006155
443.46753668805337
902.1907072130073
849.2590512428155
546.5845210707737
32.991188123537626
757.9575301893217
0.384075197427447
161.13251106651327
386.123800584666
527.3231639747019
106.90942631420042
657.8427196587522
380.4608381486575
272.7078035412822
259.2106457261198
750.6315655839275
85.08182948563703
281.39674777234336
405.225517937535
695.6585264885294
207.429369245149
935.7330412113088
850.8024316163329
656.8861305121044
748.1168850611616
713.1820622112555
869.7868683556628
524.3424436104116
107.9581835744342
357.6810945663204
787.7685766680763
37.533592576400764
419.8324602941133
237.3184153308191
634.85642519704
368.2116373485127
62.56848180855534
783.2706508091927
350.54407995205486
24.71091382090751
154.852231802726
691.0582692760412
567.6742221374809
54.32386959326041
324.2323220578182
257.5636046679326
202.70510039196532
40.6950224885132
199.61806838856577
825.8873923827169
435.9274263226836
319.9697451846761
885.2353060361205
815.0031849969967
177.97644545478875
172.44220998059455
139.82521641416224
222.30163916847323
787.9277399767791
485.7045668884913
106.94211923910757
804.4996577153584
633.4619203125816
530.8076782494298
220.52598005505465
366.0217642844342
65.02774339388262
44.70086967503506
344.4961705367489
713.8445957661984
513.6292159423568
770.2265496144943
295.9330095800422
873.9273821843138
715.8070996826633
969.203141869793
648.4843269874842
106.73491912463173
519.5805415187798
194.63746100399183
115.95367216658747
107.99156052205949
331.5602606149767
784.8657378303449
875.5986672783638
535.6882245295678
28.13983765066197
125.4301663714894
906.4865066464516
665.4970025726618
72.61639278289944
713.7554524656799
790.3256013978178
544.1303173934756
655.2885134234583
457.1983214430737
450.51124413909105
483.81537374247995
905.0232602727588
436.79975480201716
989.6944811111608
120.93641341208394
608.4802979295902
577.078613774575
127.00346302312171
548.0307349142753
417.1261481389452
276.4621881640292
733.116220208817
220.70722780159602
222.36685867615546
73.45768794576047
614.7052782469921
439.68849613227536
235.57292958674947
850.4260757366329
9.343654216598996
213.06115891512445
322.46527674075054
909.8278277053653
217.78308127510593
214.95114394510227
310.27675602778595
497.0676143931476
422.58474713389484
374.2238512211531
311.2987106899978
989.5729864548948
20.403976539699386
350.44196964737097
587.8674952689828
23.499994743886642
729.7998309967143
784.1962922416678
121.54137638440687
287.4661651379705
327.26165502322823
745.0579399790857
843.1630915248978
576.9694738287892
111.21414229363857
242.78291469727677
430.6992566405502
973.6594532516694
97.08347750143965
16.033183392798467
688.1924269997584
690.384628626224
506.07701239497806
67.76068709360827
781.8576753247617
205.9480226192737
326.1495304236285
577.5341067877863
28.300374441241228
802.7604097055722
595.6989089679602
888.470582039921
505.0269784859851
516.0892331786866
588.8553748061875
240.06757856831072
484.86692588619906
805.3577836114597
265.7974545702505
798.1128004149866
583.6176135641733
965.9583862950936
192.3493330723358
318.98325998043987
554.1711987590584
414.3004119438961
630.1838056591445
478.0266265811174
860.5759759417355
499.3217260585782
652.275713839173
490.3515876397215
521.9316755518696
420.44999763779845
947.8207640778943
157.2365535317195
228.71196369714607
165.0088722757811
446.65542308196973
882.498273137352
403.0540668426046
117.3205468626779
15.28346036412309
520.5457841412449
699.7497960927251
137.26505464831962
254.93489229026167
141.47694929699895
426.1178633080389
457.8140785662227
866.6543460202403
928.4582333128594
496.6331633155766
709.064907163957
139.23467518811694
458.76104503675816
832.1329143337481
740.5579332250062
862.883430948359
562.2105171723111
563.6161661461459
684.1689894053625
374.8291428220373
799.4360639229885
7.097359647877055
876.6256242301865
502.64503380305104
357.19494234460916
138.6708821053837
843.7041456019441
886.8882784115776
819.1736985477933
217.8879610085691
537.4221210789059
536.7225551591469
838.0548846044445
282.7433669322653
413.04902459178203
500.5129943155643
208.26884405818024
471.0142870315834
734.5149788080328
217.95202715785356
218.73394991657958
510.3888459862672
704.8061769929534
461.0951140700269
451.02089081460707
263.76786524321295
632.1925083147621
768.7563891126554
380.7596738577843
916.3175989527467
363.6416131670194
932.0332853885321
238.7405904749431
247.29768738980528
643.5303051431657
398.30095216562546
593.0436665266051
442.3828512393665
888.773499044285
426.83616824670935
24.663420996136054
71.1431001326136
110.74716001785568
451.30200992619274
86.47886207500022
179.5416166479702
359.8908212395412
382.64405218294917
459.0512887419985
928.7555789179884
120.63201888114195
520.5193487556392
846.6155788024487
849.3200803815307
542.283691077317
332.200179881839
692.7630983086333
573.5405140091833
255.8227400433637
604.9641154404685
237.6972799145668
859.3146383339305
796.9661115047711
381.30301312870216
787.576080409973
824.9502009959843
332.71838325800076
645.8533249091439
321.33758442464665
577.2597123356193
471.5728541595091
948.7707107512243
721.5387735134055
834.159336131788
426.80583048530985
22.342160261533795
983.1195300588583
718.1937180732285
697.8114121314873
975.9490918894387
727.6369758732543
628.8544248811727
736.1824210020276
839.0653701173031
230.39849608249952
989.2546257311546
771.2503553113228
62.79425735250355
954.0538393235636
706.668098553789
84.05545277494808
87.5189677066528
274.59006357951733
386.6359312796441
539.2254636461049
237.56126906341456
684.3057865564122
696.7896356489011
111.00004649140338
13.313573962549619
261.2238560242357
789.2346051172635
472.644689523544
317.12981448092637
605.5347005408846
359.28318197530507
457.7567382545157
271.3305121803011
761.0447941397053
743.5222010707372
347.47337675961796
64.99863597943578
863.2384775908561
441.6445861913467
489.3494703218025
700.8120337565189
385.44299414612624
584.170431689714
711.6807948611338
603.9794658115861
890.7206386058816
162.12832247802288
361.3060984036447
802.4169092331964
139.4935422280812
284.9622363772535
563.4294681924259
790.6218368524117
251.5405013974772
339.37570756253285
478.76177942639345
249.27248848746441
375.88727746648453
684.5197302499801
916.2883661681926
508.40044107235803
983.2450184070159
437.8755634302949
649.227306122563
14.054710161905405
463.0341066366282
981.3805743587556
177.25129254065885
86.6955491212279
180.663656067658
48.78865960266887
479.8028492104325
944.1271716265749
530.6196925455829
642.9534473586633
513.3416367606144
302.59834923490115
807.0475169740854
575.6672874840743
819.6191213714376
866.7704191926438
905.8973298829831
122.88424121553976
632.58498194271
672.5723223439098
971.3339544525875
144.60095047845533
298.2865057440659
556.533009453063
103.99558948813193
31.36420493023051
655.1303524349479
991.0015355696582
159.8178434423687
8.319663939815648
261.1340215816025
146.73527050217027
485.5235822603564
652.9112043823917
0.30190099655547087
322.65773839716815
160.510913742815
963.7860200201278
652.0188709581147
817.1570978427993
944.7547588916772
956.1554042313977
465.36187073824175
906.1168829398207
668.4704361974611
552.8072060055347
644.4881783997057
839.9412576251955
241.67044844821083
490.1604580197909
921.7663114540591
675.1567514192986
810.3780494712056
65.19843667795222
72.07400260154928
315.74315204668943
841.1447299822034
811.8118625941238
304.6946909726763
355.16672205813114
76.65075559899448
614.0287136215109
958.5027925234812
182.15842269888404
372.5515198261475
338.80312340437104
821.6346203869639
341.60114044121036
399.3645515875557
802.4804688684902
698.6008066089151
326.45962236278734
73.0752973875275
772.7516177647633
555.8031094611777
817.5071114768436
364.27250918156653
751.8542963768281
690.6764960565043
884.6733235880669
828.0067022729337
486.974914395927
890.185504019419
817.1585291909973
795.1982692647377
510.2497252368322
471.1611697236424
59.02867849002236
671.3042989002206
523.4590116480888
427.97318633853
192.8271818370394
199.08626381829586
111.45381179387903
652.2892321638639
35.808894957996884
859.7035551629332
93.54982641993593
335.18167463683926
691.7223546738653
809.9899969857953
803.5682289132468
213.59930492666157
835.6367405663739
883.654651680643
726.8989118851497
281.2299419115985
600.1300286650338
220.27939269293984
216.90648801283663
948.0371873456537
178.2254127220082
28.36993723142145
463.19501171268894
403.26258276594206
661.78323901283
837.3488905486321
490.692575586957
113.44237672554758
693.6260129991101
348.26266925183
731.2123618376122
969.9957751380825
227.49446081188208
654.1070218044465
628.0917681289942
590.1990221974494
62.002777930914355
168.05801146284992
809.7070866981953
670.8685091113792
843.0815782856708
71.52919925281265
599.1055553766573
95.8325180629046
913.9674606713463
473.85765183564996
14.693278998969772
706.2802159825093
732.6184017481048
761.5545496986482
960.8614134358783
257.3334975153106
573.5040530489205
807.4393333305765
7.629402110278516
104.69594939141346
884.0413707098842
808.6083366202154
14.828813814672381
591.9897992597332
975.5149816557621
527.0725190622371
869.0466861203627
942.4007955826274
694.1432210073178
618.0311369300679
770.4928730247125
697.5081306668664
340.0202580666306
548.1312831583841
832.1508048510887
391.68409090696633
379.9853363296968
329.69595437341
235.0167680116001
202.20663328152057
435.0407093802541
926.7860140439186
820.9278119493322
773.2353397000098
613.7595694734711
725.0945899369316
798.4239867954622
276.05924730692755
510.19634449476223
900.0547606474005
187.28566061803232
38.53271612016174
88.13123134759505
866.1745486629837
733.8320536729167
753.3735651729899
233.05170501584206
245.49592002009413
291.7627842878311
358.0053650798948
969.0941746193129
954.2075126695187
82.26871640564993
167.88322727195404
210.23853350308565
73.8230745131938
822.334802022993
740.7511830650792
443.3693943532723
146.97109935491426
441.6018696681968
251.03599117609065
925.3879581304456
417.7236099480316
995.8504161805854
861.5907202813012
817.3782438965916
322.52456950965444
429.11440334584705
694.2590266097608
175.90275743426287
230.1620942882685
36.628229218287345
521.2388923726483
874.8216958133453
27.86016706108585
837.2556895395221
225.98235142361477
340.60134543123934
655.4498321820314
576.745226794843
415.37562743960757
449.89676847283874
100.71119475747537
752.1000400517754
304.20192359039953
60.264525067557194
686.3617015428669
872.5485721021397
138.39668211613898
423.1814810399107
702.7979934275294
154.0444219054695
975.3635056357956
163.11624049958618
570.5817545927027
981.9217193432485
597.6258492901139
597.2193606140842
752.7933240023696
770.2759191314728
700.3485408522808
917.2698753562814
579.7584734688478
296.8361709204415
263.7698284800861
158.83505053032331
997.2880293634829
198.5405205717753
198.3434035785977
942.1709624052598
4.451304379253007
75.72008741319891
933.3971081124567
685.2120808211176
208.038586962351
571.7444893441648
609.3731213317932
361.06772511279286
488.2495019690972
870.1751717677694
929.2219444474841
900.7641188846508
243.77767514443394
282.9194690317708
526.2809385249882
26.540830609760423
64.34460240911466
990.5728356126193
913.9748087499405
641.8308135128444
964.8687010215434
540.0825300895538
696.9349611188733
901.12332006839
507.83766862743573
405.0610020661095
743.6404694092554
736.2297514897056
239.0862547408853
770.5226319060097
447.4430656755788
925.0422524640169
867.0628571633595
716.5129478315079
35.844998648560946
754.695587759706
526.8029090035844
144.04447304417235
127.15728981116902
953.1130500784321
287.2080253817334
111.94903975677362
379.1730865943136
841.2374436935282
783.8642318234258
734.7011678472801
126.24923769269924
592.8181189719576
489.5143383082897
428.963133732674
359.19654256397837
79.44635715722458
670.4329901721686
90.54698270350737
266.6372034860245
25.600501812812926
519.3354075601045
733.6844836560875
826.995656916091
101.7833797232226
304.0837494004923
230.9412795824871
617.0469710833897
143.40445666588542
626.3377502681701
54.80648874779681
85.95450448586017
898.879978069354
45.42933036867303
340.9349373909278
32.986881258285635
582.4936371730757
390.12343574237383
168.21370064633524
922.6112594535981
35.88205761065977
54.56020251617855
682.2707191350148
972.4188042016311
486.57838774772154
454.55662581949264
576.7381577968681
657.3450422533966
732.868378791054
606.5781779467305
490.5284456549676
387.90621208379616
81.2834476134634
484.0746009730078
79.57646110608907
640.6804801280446
516.3752279719866
404.50541770279904
877.9465556781527
746.020401000657
391.9871526269578
205.26526869799577
575.8985019199246
870.9911219579952
399.05804628995935
377.8504207798813
11.451248232249744
474.7864667301347
687.0635851769981
646.9917686016419
997.1797256816012
659.3830305314098
794.5217815624884
705.1117462842099
85.42416876668047
389.94991229405076
478.5586344395736
942.3457609306978
512.7873431379707
517.5398642464386
624.3507187684334
48.50126594411086
858.740364015022
900.8453501907203
162.33155884246207
305.7107356727502
403.35258851848374
694.31054044477
324.36932321428503
239.1675707187888
775.6073849902259
46.648616877374984
629.6929757659833
48.21617645397769
246.45956321457763
36.820933928637615
707.1653660023946
901.2014255723047
939.7369129680776
663.793218475448
432.5708479817639
744.8642665475551
309.1824440089037
101.89066560741344
887.9065157354488
752.7040228163967
461.380152929167
235.33283505974978
334.23542910904746
916.6101723810561
292.0018849548023
693.536278363786
730.4814202040119
572.1995034068132
946.7582724572551
223.03063114121025
327.61453642472185
840.6771522727581
818.632324900227
252.34232447222772
520.9971101919546
68.67304048919188
149.41913801489017
932.9570773524771
453.23055289085426
352.38781635784534
316.2909179978143
772.4810134592386
825.6632201553649
143.51554479722472
53.05145523080546
215.37711290243112
998.7900275470059
751.7927034780255
180.93977684356256
172.16238432232666
740.0949696684702
282.65650226597506
905.2878109891077
549.7083612594869
912.4576263084034
178.37758295194328
372.0325063561336
293.29565844779114
987.0656909648131
67.16589170438003
972.0276568995664
315.3311019698742
511.84511605272485
67.1303862295859
831.2965615770496
956.1434316704663
569.7403621794655
40.60673014270944
31.811605279143173
299.0318973352793
820.7472457952879
549.2496159323182
370.08223614044687
744.7496076846504
937.4213563036208
421.41929055655913
879.7782038839384
739.8613011845605
115.65518548365417
910.7746976974875
919.8100455606545
448.9227983046035
870.8376046870289
398.6182788128292
360.73449346647203
462.1879433446897
514.0792744527281
472.42033839607245
290.0473046356803
338.5557873100332
544.0085266606429
999.0842902107494
700.8716410573443
897.7291115718295
686.7118518300758
503.89543809870565
828.7455066526795
696.0629696394686
469.7138868620385
764.7307952104976
157.65670717703406
47.339997887826726
25.46197308660414
35.98825428009034
629.1695048591661
282.7165936349393
285.6008051761081
727.8277586556362
257.4321155483631
683.3424090858664
849.3926434612943
683.6989840353332
178.04985801687957
664.6631146038301
587.9593416439096
422.7633730499112
140.25369725086733
343.1741323245101
480.59239480687353
843.7008593011863
589.4895714700667
574.4011356018423
270.1976949876561
922.5248686336076
781.4989449428311
915.1405974894685
272.0120377507943
879.4111220213931
819.1565284898687
733.5018637233211
73.04839985182565
138.17994787523136
109.77638634512665
867.0496174603998
919.2980506399542
156.95310090900594
503.29274646902076
812.3536397592653
303.53670296940595
869.6399933882262
290.6675561504231
418.5107958080204
638.6537724396554
45.29077909660562
317.0717750802985
452.71147695986105
929.7424064957083
345.98608279843324
695.8327214210672
207.68080774191267
42.75976419768668
243.8167688534928
996.8355721385956
528.8331891135969
508.38644067515116
243.6393246504541
327.01159377003887
253.23546583148172
796.7843795841578
50.67535833226089
420.7419433120664
72.98308093270455
652.2733572258967
420.6568543524266
714.4503547516401
262.35037981747564
386.5159314697122
435.101419863947
392.3539186751227
541.0846244947919
994.6211173664564
855.4342517387346
559.2862054045755
585.4709953766492
580.6478750323548
27.057031028691615
21.702249106264283
344.30329589608476
857.3091349011439
528.0962035379005
639.4206248130538
368.65354548550454
419.2478057596576
387.4463223496164
848.352343369469
822.3407947004732
80.07631336694443
232.8563138862132
748.4127497942445
704.2578855102045
810.4419238045765
172.19048479323996
101.00674692573752
84.2220364066124
717.6997321848733
559.627342281956
686.9239041155254
830.7738276249755
67.34615794241294
53.44375639794552
738.1746546768682
392.35595425275835
562.1858325770999
533.1633160131694
576.2447117015973
682.5618637297139
967.274952386644
511.2317922225953
164.43941712702957
15.65156763681863
697.0048401493017
648.014476078851
13.435963795934702
340.2898701173663
165.25927478960145
858.7936318175811
766.8556141205906
727.4704503288405
540.4000141291965
287.5766302963955
837.6146223825818
182.8465564019306
43.90482633398285
114.90860135517744
666.0066332900343
374.1968694889052
84.80279543685054
765.515805559951
526.9158094577986
791.5136021349348
331.62200479059567
586.489193258134
326.25414110790075
190.20678082171383
289.3851679062249
477.8498548988822
495.662633844144
907.1770424555649
71.2585194919283
274.72150633253466
919.7108381620009
785.017137145348
832.7805358015573
903.9677548388244
811.2746082789527
991.3596152343008
771.1662165475317
468.0341178805032
588.467491667077
978.3965988479454
683.0042158812054
444.86858399064556
100.44608378669884
191.85507063948504
820.7331846141585
135.17682923775476
999.6055399746002
909.2187235301585
191.6050036147401
336.900463884383
664.126012860747
763.7458054093976
502.4124089739995
981.6907299062782
837.5268655909136
93.83938640881439
669.078785146045
129.28166904031025
70.83028219947107
246.58515803538629
182.27840931241525
283.05035862547277
128.13139816605633
359.7790840965477
648.575781268081
463.6844480645218
747.81757634495
948.5252428508891
511.1426744630841
857.7596524211882
539.374285524511
830.49195528921
294.93231304568525
144.1633529792571
339.6606909720589
538.172188223118
718.259769096222
793.682678042826
52.73370398214405
387.0021635252494
666.0587871107729
735.7086707294169
853.7435642721659
794.9493364672783
329.65475425443935
790.890501551824
650.1205021281932
282.1894979006051
783.7145592983113
179.7070595492979
862.2163400600274
818.7501738225412
893.103595546215
234.30548104432802
910.7610547903801
833.5049486620178
720.7015162084683
164.5897084595155
279.9388726091215
249.6621218043531
541.7975361776806
359.4240178964042
662.5844245044543
369.8978080884977
161.50727923246257
239.95017473220548
487.9443535446627
298.5422057636581
478.7229670716634
124.3993122849173
82.64528916263036
858.7353441564948
143.42929693280982
912.4122846497011
821.9543127151446
639.2260821449028
713.7876594959699
651.7652254276553
891.1136363046792
888.4966048490919
935.211259306721
211.5301257349025
695.4759208630132
463.15176064836936
635.7250191097313
353.0823994150529
533.3626752755546
933.0211547356075
260.2228986576647
464.0008659558283
877.0131663902847
247.17885458819222
250.80736841082418
99.78810215554246
494.68618378015105
73.09435383599183
321.21448394398
264.47179478321135
690.9232438216401
35.38519484050306
170.39947690892964
53.53089615282336
142.17633027714515
601.1504497829801
333.6773490010384
881.2228654960124
161.4488098394007
285.6214395073853
679.3837706903412
19.271352767917026
738.2936581290893
184.87420667729793
524.8415603401611
585.0060814596526
369.45815229807175
581.6055221416635
467.4883885450193
434.4302459604251
520.6599078722647
515.4831686633265
805.3420425690484
639.3226555945472
541.4238014329874
761.33760791111
855.5491810458753
357.3653354031493
992.6054901833313
616.4710506525246
570.584483203768
940.4197253439979
640.1715020108749
262.6173781953539
598.7371997303949
68.45788239184859
819.0024870719558
238.5938997366003
338.84208904789614
545.2871723794165
476.93008308745243
736.444439653944
598.7827057193563
147.0905076331904
971.9145244898821
16.880167918238875
183.11462766756793
575.9365007152891
614.214181372782
229.08332808156317
107.2269841524347
137.79712455073945
20.5948483710372
315.44595972177103
163.7808782920962
238.24256834101487
579.0704815293585
483.57434267310305
251.73326944692798
168.866832863523
710.3637759297859
935.896796477264
219.07584371252852
943.6295076438394
156.2191537321772
161.47137554078682
967.4880156053324
136.68234961482284
224.89681697902353
115.0967659596469
220.4239145630249
771.8822779305257
780.6214423884054
35.58809876592362
665.7236750169728
319.07472084470356
776.4545700399945
488.08707717918765
149.65909168826886
763.3647755400546
299.0048702790591
454.5336663769013
221.39446584857248
530.9754051739858
418.5859934793309
941.934300409067
605.1639273683707
778.9261460206694
619.8770790755391
629.8192711842576
112.03606050097292
185.64691369963137
225.8357913667497
536.2903345981073
93.9579707295094
915.7761121048501
21.559852449811956
546.3166021057282
789.8405932704987
874.7732986349235
234.9876856522558
916.4450304549131
816.7672216495818
717.6109843072727
137.77432037935012
546.8498175835941
618.978463584563
330.69184645776517
792.3744112138368
894.65247572078
903.1058180713569
667.2712498357258
890.3086300952946
891.7019540673567
960.1977592553027
884.0470668347992
201.7860191099846
125.51292144949144
303.4012002620874
700.2122799801721
888.2995069580486
843.8170498879356
234.7328282749025
780.1482362271286
817.5073767420906
51.190633105042906
795.1938800745245
727.0691783297915
63.658744839606655
80.47950699344608
49.553203576007675
967.3119525237885
977.0164875139542
542.2498315599274
810.4432748151286
403.59715352100636
562.176056747407
482.25163559662496
715.9841038070799
220.47074354191065
417.87460064983793
909.88922387186
40.97072632383936
636.268699636645
159.82927311494822
599.95076264293
743.7297070955165
713.3289100682509
73.33953259263227
215.35701325009194
29.070889199716454
561.8085879796323
723.8335047584736
350.4471397220239
142.33062201406187
402.3471901734024
391.2332973034337
52.32705945254623
200.32301855874778
988.9483482221353
487.9602504743823
742.0639344741224
612.0865813599795
835.8371199995624
570.5955190381643
228.01795236505683
45.63294637736259
540.6809669820726
161.6577310005435
680.3605187621744
956.4758053142536
251.44665540143262
360.6535684603427
18.835811564971607
409.5375226771094
985.297489278494
142.5037496911411
155.0802408038051
298.1020521397092
75.31801159750773
316.6409478196979
926.3224330593719
91.80230315345273
494.4866756008333
351.52244358460916
359.04409569966754
930.2010041509943
186.199203254945
656.9951119248987
109.18973756119988
219.3441626466025
816.7786326337404
460.8958452346751
539.7713846945867
885.7366718391893
557.7904135286242
116.46578125351003
917.2219254267093
95.50963840907033
604.6142334741684
533.601954260199
634.6086807505903
556.1196948519826
142.60653291655856
439.66537351170444
202.8266129924957
483.7406304138039
383.3210591179056
344.51005271931126
990.1483621315672
941.5781705581139
110.63695919936478
409.5922747107138
336.0160648628789
532.6585532302365
900.2774162819094
902.465134626889
716.7179198199389
365.21285164412296
806.0840961834969
555.6588219417089
98.5999235457652
799.5980824243635
842.5456476273689
942.8919527528768
478.721382421468
732.7674552308124
35.461694670019696
935.7547561689955
883.3705435371787
79.62194018747115
161.25577535979218
410.4506945815227
771.6139675210459
670.1456343848199
550.334331807595
636.8775329354744
874.0622939996889
997.0479749083395
491.0210444483356
201.27497683354866
986.2912658926778
120.705868602769
837.97912009739
888.8609273030905
131.86610849827662
566.5194951058041
402.6663542866031
684.3236563412686
811.6743282968282
234.36525044868915
583.2512625835476
935.7329260414438
764.280236156932
180.65044771262683
477.55094387145994
771.3776756698917
776.2717899049929
630.5437750994612
414.93424002312474
59.23424652974252
602.078971888428
731.2765873920742
441.76665459821265
555.2131358012224
979.5000817096935
366.9801174295585
799.8562838220406
399.02885536488077
60.18004438907943
821.3436978869325
848.4927557690932
785.4819409328649
313.54355686375624
196.450257520683
198.05404719081076
464.1375653704986
108.19234269338507
274.46442186428976
46.788917683716626
701.8312151597198
726.5350970193331
943.4202447013689
842.2651357571892
480.1259871422612
526.4250250588103
399.1746782994269
425.1073695625154
993.7926796286957
327.8389893576237
82.66417042950924
755.0301791214978
966.5781745945344
873.1392513913532
714.9212164115701
167.8055365991763
906.9733612967717
386.2169001500753
851.8789157943637
866.6862908562783
189.38720339079174
838.8239331594415
96.811113831489
12.940379657598978
765.0787399269461
521.658593980991
480.32646827951595
347.5327847005607
382.39386526073594
913.2765855446064
546.1549691793728
749.6258287669493
427.2998013097603
641.6583362310297
365.5356045313413
517.4504356568414
882.9046053277632
541.270668325905
43.83464888703059
443.23431786348755
450.59494688273685
422.71842678585335
280.09366671922567
946.2557423369286
575.620429342134
192.59047789479288
193.52713727717264
626.7239832961017
976.398309691807
387.8608845257914
940.5600578687437
608.07121849443
289.50737895225944
22.215192964255003
611.8154018878831
946.3723472797076
611.2855088234553
880.9288870229692
520.5325935359692
202.99304343016865
42.14035406352934
46.432845796256615
272.2178752091047
0.1983095837688742
821.1281910859793
488.4588732430644
939.8977615094207
9.337404682106754
276.051215693217
10.665828961898715
260.1675765779563
357.3530823755845
608.2686230365898
709.9047274136191
12.296540997874693
879.7465274099376
481.6126577982466
374.7891788449209
645.9722295305419
996.7617648457234
491.245525670559
926.9952722310402
782.8365573190697
244.43610386553394
850.9888485395803
91.72258280126123
432.7864952146212
653.296661921835
56.60237761623777
973.0063033037011
638.0823949108866
234.86472247864242
857.6842177013037
105.07770136260419
786.6278187218317
809.7635445093136
602.3096548236311
852.7284600585001
20.35455410738285
291.10728562049513
906.2218154112613
741.641908858819
5.46679287699392
322.98214182955974
642.3318377095821
413.9120979530663
828.3692395797191
866.2129932229847
446.4820749889353
424.4795893618035
934.423663003062
922.2421899541885
291.87094431989703
20.9704348692229
836.2492498175153
90.82962054575339
197.23359133193551
382.4326203168574
784.10188464983
68.41611103908862
802.8173981197189
531.7224271025461
712.9381182977737
511.3750472484545
373.3871425475654
281.8006517728777
559.0902311450852
912.0097889177152
768.9397580044852
127.95619333821107
474.0479917837433
265.0374903890528
61.503828633352576
955.9831488536286
553.6646237266438
338.43249320577695
770.344454418902
800.5945835889924
448.17307602589506
304.8855251652919
138.089218014681
658.8640065470521
621.7208011343445
338.76739522495933
476.73673880130787
540.2442553779987
89.69957389163974
538.3692938661341
375.2039808626441
517.7199668473951
177.9693366965661
194.32370554610424
479.0142361100136
533.9089228194306
220.14341720473652
992.4939644985565
627.923071363607
111.4343551322745
137.4240527351185
213.2518690089038
368.72424059377227
918.6487294758092
530.0471569052761
368.94698111753877
248.17397511650185
349.79720934726276
250.21507955274936
7.502973678402025
834.9159582984488
892.9664926013538
423.4671861513183
602.459951257794
119.48589756482852
79.67307301095904
538.7579441032478
548.4136978366516
797.9191270446814
236.70231516453543
537.08243000507
285.68682425378177
957.180461793449
93.81771187763877
794.3099132566418
489.19794401923923
849.5801354122274
540.2177379425813
515.9560265019696
73.87945171571708
768.536022565148
468.1249880175474
339.9446712856665
492.6264022386402
519.4867808931333
693.650697112959
877.9809613822111
432.6415655499252
617.4559637613685
403.08518840483333
516.976802355162
552.175526680242
136.71324323484347
437.02254159100016
49.04114403017257
342.04270437550974
88.17285513409956
995.2360641249254
601.8671650911557
544.9268625391951
306.6162268708711
21.978293582306296
900.9189390553421
820.373488804135
92.51951353615794
614.3876761256768
110.64050335142007
504.49805082173407
272.21358768982316
285.94150345664536
373.98063360963
380.8228451123127
915.2980026212329
812.4025494932391
697.8465665387741
352.28712578196684
679.6767929211778
689.4649643683678
16.670966633367424
784.3591812700249
642.2783984918995
939.3121949240849
107.09579300627637
75.31056109984169
517.4684027287323
117.55834715740643
523.8479542557183
702.096271317266
365.3577517899417
892.5512684061454
880.2011353693831
588.9173872764467
248.65575092676983
495.774281726211
605.989308905163
150.4252485553046
809.4113046751872
675.0907481554453
781.9569248120262
772.659441471582
405.9322294766976
521.8338187668113
771.301738509841
812.1940223377946
275.3666986610018
688.2511837543667
147.5862712452981
417.60018401846554
168.87731692630226
63.572865088585175
852.764222177736
607.2153028617012
44.03255374980941
934.9774784943081
609.8882763853088
73.3422545992235
692.9865542837006
23.99057857498821
362.13677970449066
125.3844220832947
635.2127732349765
559.3562524182915
913.1159382107126
33.05591174338262
210.0029288630957
724.1810552495023
2.965630133156094
785.6883363248616
566.6376789409436
398.15715020873586
770.6164783518851
944.7888788103035
169.08063862641788
104.92955524938074
924.6163684723731
834.386946543317
507.2433089162017
470.1794617909132
973.2651273344432
787.3394942486119
938.3127348108636
297.7546821438316
549.3660483467105
545.6481441781089
969.3301984178338
579.1848461026036
205.7234510285746
198.97384575575973
836.1536824216392
366.1773824156086
54.58576243275448
237.9175173839263
934.1325813214461
456.1981591998129
277.5538269215749
397.26846575580777
512.2682991270165
267.9983956094878
842.0446904110581
969.3043118301132
55.32975747830482
116.9568567741055
726.2209822017073
178.35988621675125
947.3381344867497
339.3651933299534
576.3669902207116
25.26478203797833
335.03042159247207
360.2906965799323
999.0120458085889
733.8820416296129
591.3566531934163
851.409836425894
624.67286742509
561.8640282490006
416.76139366595066
583.2129335538256
670.9063617143464
273.87292992933266
409.9444109175951
440.2386320824405
979.4348482982492
17.897849675894694
889.9921202793379
338.5040998244899
405.4261356111335
693.9317958511621
858.2155044800643
461.05541503852044
996.5807330015622
159.1555526673425
250.726006776388
310.5697337590142
615.4994081384132
774.908045336917
51.72661160179848
567.1991036822573
530.8742470094805
868.1052371877735
412.6897484543082
635.353306706426
31.36641937501816
653.403177836536
654.0397007892716
64.87718387943953
300.60500871505025
42.282656605194255
913.6523094240529
740.0855104181383
632.5606565637129
551.3668780640752
250.42982346339582
844.3762704760877
563.6186004060643
214.6649730227732
211.40439686747604
128.6513549721855
650.9959850694006
3.068650911132509
227.26907634018002
938.530900141442
436.71833819073913
759.3104956965985
713.9298036841267
788.356024113961
602.190819262571
67.72625283554312
426.6183026336329
9.231876855753217
440.4697888341225
795.5460004468013
438.3000260480885
143.871064500224
551.6608450878404
266.0718787452444
95.55731461518768
312.75548017139386
101.43951732540557
153.98253133994234
442.8230892833952
734.1418185061841
73.5114670760173
229.13797609333963
899.7852731554028
944.6946414848337
693.8990013786417
17.64096217489253
426.97824934874427
38.03777393998031
608.2611711845797
297.5431609165238
21.022297354853393
415.27355491018767
453.02523393994596
101.46892685526154
143.66742138365308
124.52658386216908
176.92708798370737
559.5600702799944
607.7436493173292
855.826641727368
841.6291212670317
483.52991189286234
518.3147120341355
53.1534522062812
658.4039997268178
66.24619955571798
98.77755972167147
407.22347655657853
702.4429666861608
451.1460679712072
619.3455552105586
200.60686936605933
87.16815777913556
211.91894059898598
189.29824041103905
591.0207208920527
377.99824444990935
975.2757498803574
874.5762841033702
939.1520432681485
678.3369527775689
518.2560704158061
458.74500809490894
714.1223517718092
130.12506555953763
676.4073492027019
178.0457359669062
342.7131367557225
537.1157816436814
310.3030926505783
930.1990728331767
607.7293578761956
441.1043835131705
395.2503620057638
781.8199236626457
846.3859622756204
259.6634294945137
22.66846541976364
80.74896755173089
251.3604367011527
28.504274788353158
731.5051441629012
117.301094800638
35.16179020906296
882.4071988143345
124.18802096344717
72.37607540131752
82.7245447240077
655.7316027905102
163.99248282251256
940.5725328454376
987.6440037949078
886.8388580629164
899.3401098294049
222.89140257242056
44.22682675714462
70.33024361367812
615.4242503821035
446.3101304526277
850.5387263720894
216.82293265605955
574.6922013668684
986.4548522123014
666.8891563869723
652.0571748944596
575.0965302581428
244.79215645749207
569.7004013815665
515.448358339893
528.6605999044659
963.2083333214364
742.4663145046383
602.7675390503464
142.78624984006393
346.538507552238
953.5140394502863
38.454878333646356
572.864492677276
707.5538783191098
384.5394029043579
760.1401833490313
607.1327769745725
549.1104264890752
494.39504594226423
951.2654948350655
543.3552810723136
354.6077976815949
529.3674678017437
367.27472104463357
421.78544831338263
870.6021939123896
624.1878888138724
966.6558719754255
690.0027912369941
334.3628127524849
177.27860987303612
380.191340355976
692.5987615420287
924.3561556369291
329.24518326010843
530.0924702048907
602.3195018844121
693.0885320269316
925.3820995600071
145.26480040360858
539.1558347444272
379.4317207573078
300.96783459074817
9.770271942275311
660.0038265464359
791.5022194599326
592.382260151376
528.6238334301362
943.9020064818621
901.3604300132266
47.58821070392505
598.3813792810521
246.48413200083473
399.24054047539494
986.2758683535063
829.5468485281631
952.1693959079121
217.7176776416536
642.9770824535892
883.6460215884962
213.74428425428425
455.16427147901453
115.71412543386617
59.88578949976209
336.37387181489254
203.0426571491366
38.255714682519205
294.6368291067207
336.7122771475958
13.026338176735376
395.8101812402209
421.54890051074733
87.66565971526762
127.63764322671656
111.99439010972544
880.9278731395856
745.4931298457831
142.03505674312066
649.1739719841976
64.07376787592433
348.31474528096163
464.77803867958113
884.7787711956591
131.59975361733012
573.7272133985468
801.8437850570034
952.9552572346399
454.3221441472325
648.1124746073767
900.8641570328966
573.9248978863263
791.1317354340131
311.3552894913325
961.4977926157262
632.6761476228168
940.3273938497322
558.0704276686618
443.0462963458281
414.1246212404934
879.2125347245744
600.0716376393824
481.8701449412059
953.6345823996105
341.32625330186914
124.69804738742396
768.854037642281
419.80230809398677
371.5005553109264
459.7463676804222
531.1175079466763
310.6596832682964
646.0055874027721
698.1398995197546
212.3614799525686
514.964355994951
248.36533294608265
184.09819696085327
552.6872284930927
967.0005553917492
150.99612639566195
17.45429164791801
31.418965394927834
706.3224206192946
868.6410993444388
393.8989306321252
55.406946781340395
643.129529052915
621.6436792256127
666.3140892286714
850.4833266660528
225.47209606586392
875.4236797348326
985.9911107166722
745.1879701493572
506.24131600983446
307.0897096431948
262.41125582389225
423.5772625236325
815.9077639760579
90.94231392733043
966.3996923804791
767.8736415685721
361.2290665734761
891.6920175414015
993.8461715283142
111.9095383539368
590.6552997233626
107.53726445307888
405.8192950280456
82.76407396980423
93.91892810953628
714.8171807093884
365.7830555553745
720.6869377824011
136.30358258551388
531.774690009461
5.75822193294373
236.34826762618155
667.3438749256258
841.035685754945
270.6528971732611
589.6495059580618
789.2162522756091
88.73005755182784
13.620445842446482
55.77509348193599
221.83870081764434
812.7513214228379
745.1847813679061
81.86004772269628
259.7049493175198
43.47107207514511
475.0067617200038
31.594286314504227
79.73671326876442
167.29562149991574
27.547303997661032
865.2793244379719
29.945027156508928
646.7717178017922
61.51660953785143
409.2986549473081
705.4499386184376
50.51923600792063
777.880880860008
631.6582181552616
201.41536837117624
562.0885164787213
962.3313436004292
259.1988694674817
921.7138018779407
508.9108018080565
575.5026081821444
147.27786731717472
717.6433897351835
480.8300675089926
577.8608610928322
44.16193580836947
932.7776807279413
292.2751689665175
56.06463541798534
780.0694375562346
138.03632460249938
382.95154931560137
3.734105564647594
454.7448890144202
955.3223644298242
249.0017849730286
301.94738748845595
897.6442561082678
388.58027714654907
149.90495608996633
543.4153356916598
531.254435568686
507.8859587472926
645.9547280831488
349.16900712955146
780.7661298681284
165.18826358687843
486.9766673666094
737.7269506972591
342.2644262778422
659.5792899617243
995.0155271525159
924.0919894065867
946.7965532535817
915.4782655471387
362.0434151490409
649.5603976975855
739.121912446679
788.872088307477
218.31020707972326
773.2086398294348
27.644484343939958
574.7628608552913
417.77800015922037
392.05633233185597
955.9732868573689
653.2312348786229
234.15139175219736
199.28620146730626
596.7516860319158
482.03146438042
64.33591879315293
138.5351779622952
74.84170186971639
820.3923746850454
295.7272984925419
667.1532005414823
589.6449604779995
151.70642384208165
209.55427470673428
102.45947087195306
625.2869308815685
762.0459191390602
664.5683590421696
592.4081613683555
212.58660888195146
826.9545023754844
833.6940248556972
225.70921870121964
838.1791411370729
160.71898651965176
450.82298070471904
676.3318452504241
483.85413938691323
990.3345532041704
865.7570754748008
563.4515328914488
323.11754295628634
230.63444525651911
702.3736967761416
400.2844994637168
802.1807562964033
257.5629554563925
68.40918096256854
603.8855910131456
189.02537592324208
103.32803488631592
74.82467599157039
542.8690697736184
186.8877353760864
330.17810076460296
888.5402282119439
11.144450517453496
877.4524578762952
578.8052734156615
664.3925330198538
833.1418402758339
84.2397788363306
932.8848514837297
480.4928071991029
529.634926250586
228.11634745592556
793.0190141846018
835.7306125237395
103.15172966594
884.5549688574996
911.3604762344976
358.9906131178897
38.096554081038626
546.2137409345887
602.4491299970948
126.71911349968656
553.0893575569762
544.6003312976085
916.3034678952072
388.7976926308249
991.6611137495493
691.0329529181157
736.565448382521
562.2515020867744
992.3273260153607
959.804084551906
349.50592273378345
68.14004227124792
740.1938599515116
455.3990494891903
18.955259292604776
959.0488717535278
169.63274797819628
980.816382416138
497.7314893005348
312.92050451232035
461.1978528054211
755.482639844596
207.89667555993375
53.53340685728425
555.8335496786399
218.9491118329916
30.179349706596525
198.75849188919025
695.5623057490635
400.50379813921535
257.15893645446744
534.792094394862
192.21942228020538
35.02662142869995
285.31624935908286
367.88564115223824
724.4367219966332
461.86212903905175
47.811120928737296
314.6619964013485
467.95910630886874
356.1780385768569
22.857179338948484
57.928607462740864
275.51141722352565
511.2244710479994
891.8203087340631
616.968577993052
939.8148766332631
215.10308814932267
566.6763624141382
959.610406082675
296.98638587650817
247.1013330670193
358.2206038444251
717.9478149155733
557.4356955149959
156.34195893256165
514.4296162606022
360.4013849101286
787.509101325431
279.44328257896314
222.63424463483094
419.88382146219806
907.5103261624689
904.0811383198737
439.6694990145943
281.1512278614624
920.3630656931509
91.78873109499186
590.9259395793363
589.993013196208
340.06136022017364
936.0257985107631
262.2341095631565
562.7331097045891
950.1878262397024
450.49405958434795
497.77177957542665
346.58610575806136
90.16174219948513
857.8706771796491
212.69149158859025
109.7313054869683
640.5122815879664
780.5777455902673
530.9239327151449
724.5391802578729
758.3549603497636
722.9000283945794
566.619969881434
748.203606130681
200.3819276116464
277.70927829159484
281.95248006025344
902.1051239847266
763.0598983799213
691.2484898906064
574.5066287080676
404.54949316089517
968.3618290199016
775.8745455646324
674.2453970761385
321.0966098780269
628.2420167181623
673.3536585453212
263.04434270385167
562.5156998115675
332.1961974274431
640.248531458849
469.0482702497456
282.47182663487337
219.63182046715102
852.1319742920471
33.60926460411551
205.37022323340082
622.4060117671536
204.80701559155978
500.3246119852194
849.354562482918
292.77179845457727
228.40872666993027
233.69947085654675
700.2759009578447
968.1058077032001
524.2080905234637
439.2184303577652
139.5192807979858
966.1734983415305
584.1340897202319
127.11660237207134
331.89508572873063
353.32106445111657
459.47504705911444
138.8999242699852
339.37303646507854
982.8654677032364
507.9156790530955
938.6710747979042
442.2564349977872
362.0873082122459
367.01177881034084
860.5758786348183
21.4650574265548
873.6137483963075
377.3995293435114
899.1927924274104
383.9152076345922
350.6120104517307
910.481950492889
931.4456822834038
597.5555646446262
385.09578078693306
443.0302766533971
466.62803698800195
743.4383300163664
34.7810633291149
765.0831334483642
635.3846102772211
989.274751779508
786.3093977035785
407.7221085623884
149.0042195525526
542.2451993650749
731.2904560253296
233.7472795216152
387.13525606992283
848.4034605574656
916.497757238039
146.97158687922408
605.0434126847143
371.8360005872977
740.6848374175777
44.798699532737515
490.78855403253795
908.8066891969265
87.87170799390343
463.9435259367093
948.2061498979411
670.4381990105356
610.5840135289839
850.6007759128056
33.33559816242926
302.051134590778
206.41078608356057
24.061381419430926
429.946595803121
598.1029182161835
267.3786703237522
196.72270240238154
714.0715261263243
918.73806207521
724.0240170978384
863.6332060673359
927.9604473647487
217.28223044128902
254.67663104502213
981.157621942941
660.6326968095497
147.58280034076842
285.3519086139218
117.04457505028387
915.2067366957682
935.9185844615894
566.7808865120976
673.1229713725244
532.4484528735285
574.2720882607595
182.49069470693436
857.0495448072669
835.4847691511452
420.0777933087148
815.4804170015973
810.9749777504626
462.38856983379975
472.1303700269889
980.920329789534
192.6911450029519
61.3475087113311
433.15669497534435
718.4355433181016
548.767883954484
637.3879588321016
166.6266155452667
929.9172708931694
19.382340735371372
860.1327412732264
308.69669239436325
147.43853510620252
270.98964720937624
568.8293893386528
605.7525464138236
20.73328494502491
65.67909130728744
43.89299256367784
13.834665825419478
224.83104264617393
545.0049340596722
353.4660895308144
718.3038518876502
805.8218789478457
131.27640544215126
229.0056877553096
10.422128658800656
206.3595197694277
930.7371330937879
475.6648490232357
392.09534220713135
342.3929712184821
660.7588478938295
881.2448647758505
370.84430603454587
138.7498837610066
417.12021638266407
951.7513401346372
154.14146723179323
873.5778709789212
47.63661339785696
572.0953248937287
855.5700147372914
530.2826618416647
504.85188036769677
867.2387517529086
884.8335724406295
110.48492368532403
313.198689968613
122.09092745186656
909.4638225990902
522.649877547367
204.97934105339155
607.720863387811
148.14473164395892
228.42782233361248
54.71395181869831
556.9579048818686
783.8915968387037
302.3748595435363
472.8487150506251
334.2110185514078
969.893878645565
940.6074860195066
807.5117411578127
52.34473350717983
241.65094192134595
740.0764273575509
846.9495773927887
503.70804309912734
146.10017405762176
262.5286342736256
215.4730846212143
292.91953312495565
551.7573010912521
495.85845030230877
312.1856649235996
485.77066452913243
413.45888992289935
830.4327109581961
654.4638130124197
921.6165532269623
731.1175127336945
79.10618192029983
657.1032044201436
575.8812171025749
63.970292239136086
887.0279360686907
203.2408716712538
4.812696497507929
240.1217372798512
600.9705673866711
844.6079013051644
956.3803601457662
835.7524836651068
297.79825098565004
106.36290388739688
689.2155703934965
589.1850913257318
207.8218442443477
165.702060661578
405.75369125438965
162.06957474456397
211.17180886014242
123.63652133040526
476.24411430215355
563.2701952512087
433.95352215098114
195.7729732607788
807.0518700020766
110.6065706106767
225.8308278321757
410.62958978551364
789.6833005320974
21.421993362102597
961.8182631764637
822.9635689311365
756.2250072136014
595.0218423182423
178.44365993119382
824.7825343842647
762.3938448745927
478.3460304896266
528.0765918685903
868.1573416961801
821.1531216695325
690.8089646470683
915.1006027853299
801.6490000698515
417.85841754008203
925.0614174102684
963.739904471541
66.10769219210133
252.1534565554986
137.49864796276856
659.7344038460933
195.79729616931328
672.3455360759931
595.659676470994
606.6890119885693
427.24410157600323
194.7462265549057
359.2324789231458
842.8070662115512
730.9037000421507
833.4724746087206
637.2009903554986
574.8493362962826
249.6853941932392
705.4598188662676
585.7392050669833
503.54386850178014
953.5687432036954
520.9480804431413
889.7786504956151
638.3041206617704
300.9920338286877
121.4568923841105
905.74540473329
628.9960514074518
835.3881434886671
185.27731665029745
233.78345903160223
678.6270346402864
939.1882696038531
584.7624057751962
334.85128479840284
43.21343354261986
417.80920117944885
650.2083248190604
211.39890317716748
973.7149461088724
192.58571126619063
771.87505594193
229.9031124028612
709.8080292429619
144.30413639999838
354.70341682047757
879.3586249249479
796.4026799978869
67.93930639473567
129.54325446224345
631.8935372455209
561.1900576004097
774.3916401853438
220.2152889495115
99.99739982907418
65.14081214730926
606.4671130039222
167.48680312285168
369.42094553837165
217.75764634342454
24.03769184448601
319.0496065225578
727.6266039081582
35.01735672488182
457.26516044463574
608.8457463124649
4.739064946623794
210.32129947888356
326.96713109349406
769.5953342518333
397.2659411988757
267.4054461648273
987.6483972036142
449.13744963314485
954.428386290622
569.0445440635419
361.41704502719716
534.2039679256036
872.762194936643
366.51721386369275
199.94941338101378
224.503255836515
366.72012214524995
892.181832471618
236.8634211533549
45.49887135198804
161.32635021047037
221.14610525192603
974.3057054792537
40.02595370753059
587.5044841802239
257.8953166921438
485.2520297001628
836.8961497667922
851.5207227864179
739.8782074573463
406.9671787335383
158.8992396391635
297.05418564145236
592.431086734887
251.26502367387803
603.118077398591
381.72668943809526
318.05411537395935
263.6546620677523
203.23054908173887
649.4944814302816
357.9369292627427
326.1545402523872
366.48066685370696
196.1249152489558
524.7624682446612
817.5011234555448
267.25844506085974
997.0511960731893
673.2021165730158
919.6742331979569
674.7360627381776
995.2188743904981
748.1466075160566
591.1066513429408
493.76566527617496
31.107686960297087
230.60112558329791
314.64042965692073
6.2517271589671575
537.9331351580348
787.3053485129043
772.2383609210775
914.4694247568575
422.10214099119656
622.5218490984254
798.6536696661915
808.3070920709384
702.3175708465903
629.0693837456394
322.7066708850098
605.1699340250204
290.2966511953644
940.5603256740902
517.5124781965432
844.2891171206143
761.8888554898755
897.9342135409412
49.949012609635915
456.438349763323
89.44879346282431
760.7624385948851
144.84991198571518
775.5682102642094
84.64024958271266
717.4313080733057
160.85235032346546
110.62576613850882
735.4176044377472
878.1945879306098
512.5248129476701
153.83537611625508
711.7513402836619
971.2182847288873
67.34573067346805
865.9739794893914
61.734688161229066
404.12395755197304
596.2984668732472
249.6821163615236
523.0284804478979
202.16969312085843
463.29408379953605
598.6098356966995
934.1720172398113
89.09000108991071
501.32832353706567
393.2043122650236
946.1076431411585
637.7496014694823
942.2245762681853
3.203885492723213
606.3374765009484
985.1482977108726
342.009871806689
752.4111293250339
416.4505775458405
79.94700297144519
675.4166411264781
703.0750154671374
148.3295882521155
810.5680664161739
160.69761806374484
725.2205987870428
45.16581154671184
648.0555860489285
919.8871567891489
30.522025896105088
30.48244475302342
630.2643779790543
279.83720775675323
370.8225807874318
201.685468863704
612.5789243558715
375.8018180635271
528.1635325783956
194.23236897401574
715.2466587013461
732.0389454913585
556.1908756034795
968.3293640628631
808.5424888708742
662.8440145630474
472.0674692794201
192.1372472937315
694.3644878504887
662.6247907306207
743.5253740430427
673.7876338855718
366.4935007012856
435.07252058426326
967.4512922954417
229.08013716549448
361.6319476826669
849.1795836999636
594.4057675813251
962.5529137417005
749.4702727970891
903.7991999394411
417.7344096080201
186.68795184447916
752.4120122005489
732.6380197758882
816.4377912344834
107.33360837944316
334.2216792195202
788.0179329621078
417.723615765983
962.9970412719551
351.74176416482095
604.4383877233716
928.1734527222521
521.4792730280801
24.958765241474
961.9161554421419
371.71343494459484
709.3962998453043
548.08033628993
844.2746124128017
868.086556185463
678.4495124653887
637.9189953636107
319.0000453444266
387.28199685702157
796.8795680160468
695.7600904717495
352.97755032614066
623.3843705136164
895.3575707681366
45.024981159860424
622.3648439252045
245.56405739512044
593.6382788195393
399.4229980328048
575.0570412302649
304.4372497372745
687.6198776363501
314.9185809170057
360.6413843530536
498.7823325670351
386.0256468920025
883.7228614926391
755.4357462835645
340.607018287537
651.7427315003705
339.6517286943087
879.1501430852712
995.8183776290159
24.923820465116652
561.5751098809653
324.90619399735886
723.2556976093662
83.27767587403412
685.3153690555963
305.7940584699399
386.60427683649425
129.54500332120267
164.23503906917924
558.8422952862103
471.7153794804415
786.9762052706064
654.887430416677
41.22139457155838
406.1162490519574
930.6979299463228
46.48602797220136
903.6963243456034
748.0010385891514
786.1758116302224
801.5815634377931
832.7898723387694
988.7518444165893
85.55093183231565
530.2188330642251
615.8129022625475
296.0471269763031
888.4479107179151
380.9773166336565
701.8633237603264
513.8713977389664
45.9228515052309
399.6832610923392
607.0911961644103
131.24951192615774
314.53954768227544
480.2134532790358
243.97202407260409
733.2854063571942
812.13304968176
911.6933596845032
642.0263269191586
656.09353285615
847.6394733878899
812.5256256748212
71.36818863279703
181.46899731667253
154.44168017474001
934.0676418026823
280.6615781719197
627.6500591658638
210.00046835985808
415.4092540357698
417.50766286123695
119.28465243097675
634.1115748068738
75.5852825719463
211.98246678626919
652.720272440557
623.9486773168883
740.6893997595619
172.98907580013645
311.99442312326767
6.123054514777793
920.7397522822708
872.2838725943848
136.4106898913604
764.3114660528261
874.7784728877903
872.4819401776087
192.34310908952034
835.5726736263721
732.5709954572027
493.0416973064048
859.9196814186658
559.2951075354971
877.4032133412281
402.17454484117474
209.49326760253874
409.78732525243265
236.8575676320609
972.8200642186179
613.3164234861201
546.8431756833667
477.0822402254081
447.2733087141232
414.5937435648799
278.18505005144857
350.9498173840956
217.74543171327176
559.0941754910931
743.5073038661885
611.6352437104148
949.0845240953197
583.7625796790766
1.9135963289915736
970.5254134985666
845.0788929599514
252.27829282781434
232.86144736046245
552.005195737306
91.20997219131843
429.2658254799271
945.2979768731959
177.54855068232223
394.41786344795906
492.8709889889141
930.4907331111704
597.674780714937
584.3874355589182
699.673365367563
191.12849517064834
482.71403685129377
441.0583170009378
436.4136855846603
232.58632660325318
581.9583405032164
269.5076126987592
219.77306831922493
911.8203299420912
965.6573346331663
256.0490922781372
638.4481207100174
505.1774662495209
675.4506317041132
308.33846692868195
171.0244017702004
778.4758302672785
426.21215499241015
907.4691398409192
958.6579411579112
621.0319982409146
225.9133691814833
481.4884030187359
163.33302840869047
239.88106472379923
909.9965787613877
947.4593882510949
500.471449719925
1.2566889256797609
622.8811742059944
363.13935587062497
898.927193098931
753.4675756435332
221.6090283132388
79.54001732330451
11.9071660175859
868.6282229802757
425.26801290493046
392.0812964821847
479.1177092499818
300.27081485633033
288.71537063406004
450.74480954745025
423.44329678856076
669.6868275402571
240.25530382890025
108.57912772096955
654.7222549869588
765.9162641786396
490.3084069748611
463.10355406790916
448.6922897831814
872.6229164638856
91.74295167857971
76.60342299348055
570.9355425729633
19.664813874228138
312.4209334832615
249.00391346521545
423.6620067798741
597.9887321496161
266.6448361808074
260.9562113021129
807.4266302320294
773.5483650918145
944.5736950506376
204.96380968332463
810.3843396976249
789.2659080714341
877.3096182763859
878.8229115990623
764.4443512254762
553.6270581434003
680.2394242252647
228.34588090918152
40.69299157857142
880.3200577352601
628.3481914432347
995.2819254030755
695.7125689162395
365.39923418915777
234.6043544823878
551.5449092855121
625.9311644624644
166.77411043252354
526.1494971340164
382.3028937307368
938.8958973974446
885.3956886548501
342.9080644256414
318.17980851646246
708.3709131789935
338.331059909862
519.3651157304666
410.7649857471428
144.41773798082613
260.98898867151286
252.64357120197113
295.82106379642624
480.1250635419144
879.0778835839563
308.6446574673554
995.0266200684313
553.4114424846088
850.4496289302134
972.898254032998
369.785250374586
145.3330590901989
292.8015144872921
813.9028341148871
859.5774273274699
625.5862226484579
485.2798503956792
394.11722067117284
712.5276349442183
351.4020148397533
360.34848201282665
37.39940885802196
647.304175310136
567.7886091645319
86.85654609432459
641.5703011806892
773.1640912885174
265.0841410252556
886.0589620823215
310.9134639550686
638.9016813403322
564.0412212132787
719.4146521151719
275.80396147653875
481.6537143515969
719.1719121532017
640.3070390708348
165.2932506692577
102.95999363691254
757.8395829377805
411.4019339491366
203.35913475716018
312.1734610239724
105.59213689512781
455.17812127780746
310.6625618667469
546.2590078816949
287.4887402947096
327.23667806388124
411.03667304599935
100.21567281996246
940.6801625810747
680.3146044720843
465.5652419520524
383.80200188741276
925.2604519686038
121.49951921467095
886.991275416401
757.9401887159203
278.41558588909163
455.9616417227145
23.32894589771395
798.1190534391031
121.15259602881201
557.5905334088292
341.93518533321634
282.31211939357183
397.4005172263344
510.24343604003883
793.9293224549317
807.3718167472044
502.0318416873043
722.8829536840933
593.733221490703
700.5562982533768
437.3619417609087
437.7020854022636
309.63590466533617
811.7907641468935
126.94072864779426
422.4046311678885
728.6700695016542
847.4601733461833
910.9591128413019
666.1296425611856
432.721113728628
137.97621201973988
49.35082180255856
583.0786954353696
402.67103373888204
119.0558054108064
266.6774090038502
568.7250690249824
253.51341347708868
350.5944387378869
987.1426143808239
750.5545142815038
895.7579440937943
597.2127734187014
928.5898361742379
428.60702128321327
517.0759246541525
350.99992303419134
151.09403356962193
10.660146154726213
783.0209475666135
189.67277947323424
488.76767331870616
212.71384319813978
66.79187152416577
532.315226665369
532.6581397545939
917.5077802482126
335.38776769426613
680.0574638920766
978.1208843574213
362.12211240944634
43.137909240205
510.4996019256427
201.81202986383917
260.2830818248164
13.471586413586255
832.3806470033215
391.45035338922406
55.81483900498596
825.9268311569472
200.9376169099416
415.7574987093882
750.7500197281037
667.7786321769609
944.5962179112039
892.4925585896303
654.9305823482449
958.3005927567586
260.07905044750225
589.255044126296
963.5022203154027
308.55714300812366
495.71280480563405
374.7382426424042
284.52480038198945
540.7552333323789
161.66132725317672
427.3725372137418
110.99213419265797
558.5684977425789
781.0067376440757
303.80632836592605
759.8747345516925
833.478624643787
427.0457377667207
771.4296591903911
485.3692760538424
152.06202767817211
679.8643260212627
17.15410840345144
314.3588838978795
55.28265004436983
779.1985418640104
958.9192697062118
649.1588463564601
93.2345924529312
950.7847916919352
906.9052333099676
835.9424534173796
617.4106613375882
239.84853618658852
748.1871732014516
706.81194298183
337.45651433208025
698.0750946289265
161.57660886112978
569.300150617589
280.50192861797643
439.3520725147816
108.65153011135587
239.15848534716488
108.54458964290326
904.7679399277162
992.4853767396957
490.6072161748287
972.9937291919902
658.7967418523363
427.3428058126227
732.7943943942662
215.36394290271144
176.2940926810731
520.6175141080334
812.0303084900663
259.2430516028589
373.8751959355573
932.5460927060473
586.4339795584941
981.0394796314945
89.44047439941694
749.7388015390301
322.9494037245646
695.6485236020586
320.060238878509
385.3264226598665
26.25893458180162
648.0588747578641
791.1249520336869
301.53011949706644
524.9416531058926
563.0542346177525
348.61238499577917
339.7188977576755
512.2951838461353
372.5473683221319
741.5195390455043
838.5274875652602
767.559007287374
713.7163819377831
592.9511421742393
522.3644130376218
467.84882462879995
170.99670026589797
746.0527333169025
350.6489630728382
841.9302887810887
521.1142993988549
714.9214478032957
132.37258309990884
414.03236970318613
432.7286124741908
670.8226591903478
731.0887611647697
739.2193955876294
170.88698406400505
250.48633037055401
112.19280273150912
841.4125431370384
861.3744824497284
485.9520439051304
317.36076512159116
530.9705629118905
781.1762251945839
324.3769629620683
690.2751204803429
400.8109752726943
958.6523736021101
531.416345543556
323.2718113232937
578.3723139340294
90.65783097845548
253.23165116067537
746.3016392609858
245.28904229089233
413.7228057611927
149.87630862218305
337.6066717960439
527.4708104580353
702.5420796723804
806.7547949217161
799.7700707700968
605.3477418571616
11.404165819005275
81.04604837469597
315.30554341870453
797.3643908692409
122.82455534416314
146.4270465446773
672.7106420813699
929.3745729587095
922.5293377809426
262.1282900389456
736.9156016494754
518.4102818946942
81.06897916026834
711.2980544973467
127.31754161394304
171.36784204424217
489.7247925055548
928.8473501046901
862.0975992129747
127.47463829837602
872.0027270179071
570.3930375627524
29.27608049232966
57.97043062986085
871.8931278178068
161.6119701223029
252.96901545401718
77.25742599639973
706.2066817202017
11.264184184710203
837.5669576574793
416.8435135386934
160.6805600454473
271.33837396214545
993.0647740513131
366.7232654712772
308.1807884962661
384.2185312641847
471.52891650574236
898.4121958821765
832.2105290267122
669.4655622673232
277.6968783351512
849.6692815838127
250.06595623642713
471.753294930542
855.9606822264471
673.0137591163286
647.3646568686829
116.69350556216507
301.4944512888661
528.4617844668611
759.3043363460993
902.729823252162
695.0441456176962
935.4800744989922
363.89224485626636
494.9758399772135
618.9048365741597
289.9722241024859
988.51853963215
380.8178363144864
275.8690790540632
299.18541817377076
873.6297946602757
497.29824114312515
403.4376276396876
790.7444295312686
985.8915623549467
746.7407287491966
352.3415217491508
411.59065761077295
628.111537078903
879.773640630015
281.43258672678184
448.4239105714314
854.3282575314081
143.85345858156518
410.25667878023563
373.3154832141412
465.85222349306565
170.58552753986888
666.1327322358568
746.480614598335
837.6799810612156
806.5842370639326
864.3173608814512
792.7696473758999
204.58381147042704
980.3107603988773
767.8437127295609
309.25650485788105
322.3133009155732
241.27111867925788
987.8798451034393
558.3745197076503
611.726755806192
308.15297549512565
705.9611409169925
454.3688834778014
992.3044064112536
818.9250710611443
626.2076990581792
660.4061814999669
616.3774693802518
488.6179199509431
398.64653650846503
179.50114602533407
626.5399493471236
49.45040794745093
994.0154115940257
644.4914948008944
876.0932686158054
673.1617733236037
155.93370774733262
790.6118684235219
276.0062296973709
56.85390414357061
108.08269299462935
528.7881083930778
61.75580912549028
991.3441362009729
152.04636206939227
628.5936523043129
809.547301176432
24.974228121126153
655.7207585555458
266.87984351150584
473.79440828653463
786.016414309663
202.70851492605314
601.4128009740567
66.37381251229557
633.2623779288134
349.8722111408509
88.41872705520493
853.0504912989611
567.077239349388
523.2288523002386
478.761453235246
103.60345031582429
752.1447038870798
71.62500955912022
299.54470535293063
499.5644159073256
578.3259903472112
393.1400571576653
156.2529268651358
277.11432999619166
917.4997625369101
350.92277166044204
375.1146117099985
62.56590488943803
121.94570656808412
903.1748290571733
346.191891544509
143.99280410710557
353.7801457301563
986.2516084211773
424.77136864223684
614.949304239647
35.146642039887375
210.3594357993953
401.9504881156665
424.85659498965987
565.3106112880657
854.08567086291
364.8847968585279
875.5150675134901
963.5017154764694
977.0061612589924
232.9816041809818
514.3347285470664
765.2935920602209
208.87203075539952
378.3952428659182
692.2583787874836
325.5051578109548
919.3860470732867
517.5006836914177
277.9854367874283
662.0537748889961
24.33633934249435
494.5912407965702
149.9866648781456
112.88543975946885
641.8629570563916
669.8672283822797
123.93333460645606
372.0523271228408
176.89078656107193
370.85266619969946
915.5467677129918
921.2039529909002
182.27033965993078
269.6971377376056
587.5070906003485
479.2026931514951
521.9249928786833
608.3903366274453
683.9432965296013
855.2705645757525
944.3119930209272
909.7374402212403
917.1586813139046
510.01876957444745
163.76175110073277
184.0133751967885
838.6293852809081
203.9072724205475
942.7679173453076
669.5343612903151
399.94594790298686
344.1268375833536
470.0584961420344
829.9559103546551
689.2510247455258
28.591222921862446
537.2865219147045
671.9261244669901
414.8590305263434
329.67260506211073
631.4356378026139
443.79385433361205
900.1261872706826
60.50854951446028
80.54478555506095
429.3916768533397
452.27255590809943
123.15444641266515
817.1135211616855
860.4833856793589
972.7401893180552
550.5498984668258
156.55706416001325
937.2867726181388
587.8044737608915
523.2141404561806
227.33868024309666
568.5522434158703
895.538412882531
966.7791974561152
334.9141068546559
720.9982854654698
148.86282891509006
817.9165147926122
593.3809484004943
202.47510805210578
324.29746587573817
683.9068238484717
616.7337120001398
294.0483400760967
562.1618342306582
415.0489318898639
925.8827541771784
893.2643036560107
906.3564315355952
59.29842274291386
998.1037725114262
734.1795284122969
620.4885087853534
774.9721668466053
562.3414731849002
809.307058946823
611.9890708868824
540.0505093530061
826.7995365694184
334.45207817078284
657.0007621280776
915.5536791551524
814.506604340827
469.4806882912792
186.198516555378
695.6644559618045
878.0557065399212
536.3846639574965
365.3388968962441
8.714925266034124
766.4724845447377
660.576729389059
84.21540391694681
320.8495733411969
325.1752990382004
602.1698402276165
253.83098590286878
838.1232895975564
24.248287783929623
41.0655102917693
503.98108964283585
2.9870433333203383
30.75598580914063
732.9954810907583
972.0739097277384
137.5606458704346
467.58619411125534
763.2322495960331
378.89677696269064
798.7857328601391
834.3153987775146
590.5034369927039
998.1710697119136
79.49925307067518
304.8490647018347
695.7160655974379
444.12013065132516
914.6610574630046
762.0966032261055
428.41654750448475
424.908182410303
433.4164391272354
981.6990821285693
78.48287158603584
739.6904767322392
535.3682450132403
334.8350659940004
291.36546609931025
833.1481629509884
163.3793354011831
744.3882822800713
692.2638981486022
163.76381972662713
195.42138376241357
399.26815128944304
987.9464435987485
490.7266449170684
484.43089900605077
908.4324594128732
874.4904992833774
939.2390332111962
337.829255196048
159.16879138453112
795.0412057936866
365.1291218479594
647.3083742973962
133.44967623533933
963.7570502477248
107.05643416179267
954.679239001891
331.6839699053723
100.43045190108447
688.2311760195328
971.0256168157777
254.94442093088642
4.842690801977745
409.4498211746738
454.1008196077143
604.7600449645955
440.73186349289386
61.38287645757534
892.8504235705778
473.8189335905789
796.3236100111975
176.43358192319548
148.13951221318013
821.4353784864796
641.6943070203458
339.1186851840853
55.20797257391641
954.3928706225771
612.8067529279883
78.80576367723924
6.072834628302548
566.7822170152073
17.878992910109414
779.774065409594
699.0420892067916
131.7123602219251
183.81648885589664
860.948570682115
567.6994185145177
83.27840211521553
838.7593116084283
201.29021262741654
883.1650027424382
278.93002725009006
761.3651885717658
416.7074578957475
161.1324020531525
690.3908333024106
518.2702362096078
130.48782665153823
299.12724355381414
135.5369586513532
358.23937686644626
821.6300837152052
819.6285478145953
134.15141807740838
234.83872147231477
184.0915020162316
701.1387839144572
647.2280312932711
489.0322662211983
184.84640295009015
541.9842949081818
542.5069924153156
938.9263092350307
169.78590064827193
220.57275254466302
118.18168511701654
995.9541517146728
433.87108071745985
791.0298986134571
912.2243560651445
955.1152284730867
645.5847105351392
84.58283326280258
326.5357199470118
791.452001969031
395.60956066986273
374.75288892457047
303.13197306860064
635.7691478545584
925.7940683901364
508.36573004779575
403.8399082730174
599.66925684351
786.8489905829035
104.582410990393
165.47898266243854
773.2999211915127
771.8513531802643
780.5999057301065
529.2669800023494
28.77727844270417
977.515182251723
875.365134989735
476.1934062502511
728.0714761933037
256.32067834049167
811.591805253923
739.3632110796435
556.2096077089003
639.9770843942952
61.564633700378344
609.8204265758848
478.9722986771201
538.3265483338112
663.6609569924043
404.11985159687293
258.83025709889984
647.6797741475693
374.2148929495578
119.9222001012531
53.68741677331856
538.706523092978
833.294827782527
170.14640922419966
370.067482187309
836.3872446886847
573.1596520389326
856.7201010724835
45.701583149909354
753.1645422678336
304.6053839549609
421.7274333663019
996.0439870252479
491.3164639538638
679.108500102002
96.76119355329571
175.06446293617762
691.7059241774717
643.6176603307998
560.5437637206913
572.7349539423958
673.4437063157275
580.0412243213299
610.3896436450312
99.94939870993701
682.6353412138568
652.9225800332212
654.839598070018
896.1853667113844
748.2645055317732
176.4915222280473
842.804741512363
936.0368060975603
29.399106971117696
356.2243643388022
258.81654415055624
807.817309957299
730.2884170892672
460.24128343835525
634.4863869951361
190.7535403832843
758.5528011756448
332.31458915205127
453.0361668910596
866.8592129202016
306.5500649191666
170.9568883256224
156.76971587594923
69.39962295305835
447.1358135603767
668.0034880982045
406.61175627992395
591.9277577063363
652.4173253281953
925.2985576194471
988.3497876391523
360.1930793735717
867.7337508020123
49.54014903591209
11.971311442583898
103.79378683658014
402.97829448504217
963.0341482762144
508.4976765147432
355.26492613223604
439.5101461035067
762.0527627784099
392.9721756144403
251.36369763760524
393.28804877199866
904.6885562723858
32.76935602941799
514.6347076614719
723.4885720027801
616.5399822289338
337.14922073369644
552.9073230081832
30.75655376535913
165.26003970866887
366.9883537798074
830.1984940132072
450.3666481440577
73.94494559974218
952.8775453306205
534.5637339520367
412.9588727169359
918.5347048326889
705.2836933100234
96.76028469931708
819.1428583282611
85.8431336792157
102.2309064347805
298.15597086024945
554.1490526517514
756.5302970049557
47.96427117190327
547.1380361599196
54.83769093060609
421.27495171472606
410.31718445289414
400.34632519915306
333.7588464048402
438.60078508490943
565.0107911693034
558.3757575641561
463.5903671791162
499.25491368089604
901.8723476080004
375.1629774210279
30.1625518546772
374.7326949973208
580.9667689432796
386.09273594317796
473.41203808285917
996.4881630387554
565.8936560990514
481.9295904017927
552.9892235337106
737.5646735052526
107.00961714079548
134.00119379893795
398.87733290180205
749.8257681711566
399.0939674523999
510.6290144003093
737.2634559171302
347.6613944120468
95.98318276276696
415.62383506927915
918.0347599674822
722.9901151958214
728.9578459713813
726.7322483580599
312.6561053290592
726.5731764598374
846.1729630009206
415.242098305179
499.81792470277776
57.10154576874182
867.1811812932727
287.5239550948564
411.1260678109127
962.2124474987949
229.60525940056354
305.1067741063217
270.2382668156502
474.53736141362725
394.27516052085576
711.9559359896576
726.2344128358853
281.07829753473004
670.6514892081641
225.94206644117386
55.64093133785375
555.6549603883135
626.1162765861288
236.05960193183483
687.4121764788271
471.86062030771694
50.71889138909857
287.7742706099986
591.3047213526454
657.9095655221514
63.22312045584377
135.94874927441302
262.46298726559957
554.9546315239418
964.8090324389781
298.1165423577554
133.66775453307045
496.8984803986426
873.5416472869955
350.44398304843304
251.58180595942903
342.41749436143743
5.725058901266067
174.54078933428974
964.4595999715018
658.8628464074044
709.5199994180659
985.3499695100916
186.17103446473592
782.8980117352655
1.7092432756350417
248.66800294656622
525.0216589830428
564.1781004322511
410.25403241176673
531.4167038176112
195.7352676553762
236.07072106203276
383.29197139544624
918.6083672741531
169.09658871521094
651.3644707779222
389.48496231120856
878.0161611740144
456.13580174674274
71.1055372738183
105.13332307803059
356.88220232239485
772.3682714761906
801.1487483551481
760.2302728746623
454.56556938681456
82.48646359130618
233.70454059171962
798.6386101929919
230.85338375827945
687.0336129018148
270.1086483748422
496.82923389561495
81.72838060815846
579.9714796362712
676.2366450271634
81.12913571091917
642.7058419180249
779.6872024869824
653.4307686031121
185.18413212037865
364.4244856802341
215.86738850718157
795.5017515717647
197.3493516132143
745.9950131993902
540.8002760638656
646.3137350993603
161.97863292518633
708.6806966954164
926.0493955811877
272.6556063316238
419.09156746671295
745.8052862119862
504.07517021480606
623.5475638409079
93.65444132025402
294.3527208209992
619.2640319527758
959.8265577849108
878.7199165350276
239.54445898182797
463.9564474319331
306.8004938802864
295.9274047712627
585.7500607799169
992.4493282689568
707.9552322529481
762.3740681286168
105.40682327810825
229.5801278805636
39.144670615919196
344.6245318795441
212.19510229020932
220.3832557002088
280.38899976647815
38.634668736993284
395.5358402043673
903.4420352150613
436.3517932613048
778.6230619608425
300.5472352587647
132.94232252700266
746.761720426104
148.43139552584339
940.917851758688
923.0667593594417
434.49003803819966
945.6727689912938
591.7238725291227
743.2511903669131
1.6905465810416187
331.97489693731717
625.0380234730898
353.9581915473359
3.353482937620833
291.8828361261691
923.2490714178421
240.00455032163592
302.82088932335984
518.4938541535489
533.3295828571366
172.1132313911473
45.25539772823151
645.6545513152524
909.8614355746994
807.2427712694218
972.7507509271428
954.5586393273411
435.44795853786945
524.3796138244338
248.7164536925738
296.84106336284833
904.2121141599305
884.862374317736
659.3656285872989
996.7724541627869
307.4007432600451
204.9392098181896
916.5791497154881
921.9153819010647
569.6846131266891
733.142495464364
799.1154369566087
744.6115812119542
850.5649887812436
836.1981584969926
38.0800083940851
655.9279574819168
647.3672877559923
414.5689194729947
177.76454307702716
439.1956091186664
214.62282288105328
492.36495358769304
124.41025019773721
862.0351966202479
749.2099853631711
556.2365117353773
733.1460259277089
803.7692716260817
381.4467698590227
753.9976853644149
577.29661110617
399.37970410063184
259.3960127969012
506.1116534778206
994.4518874851186
751.6768435354943
916.9662639294922
431.801926100998
610.1334811406958
440.10416617379565
675.9605921760244
746.4358274591004
802.5899177357637
137.61053226738218
48.04602908283484
447.96018452316866
991.1975151266086
136.27958499934212
974.6873445636882
677.5513411193531
206.1387840747212
477.91396467431724
271.4081798996685
613.2744992279526
128.47598995932964
687.5294277830229
827.3137191548511
135.43092292288694
677.4325169170696
815.7222152073448
951.6289031520867
288.4031338155225
265.64015656987215
610.1306468344995
756.0766767086867
256.19209689810475
43.30561177811265
156.7193484255751
615.2410903907281
167.47286174460686
808.6949875220848
258.37324575255417
556.6301930024426
550.877542126245
775.0301208151808
151.29510821511184
897.9743252441172
672.3480197234888
52.83630766691927
898.9592660073002
571.3653620470654
303.78300528380953
531.9757082177371
948.8814957390593
352.1630666378729
695.8373333599845
829.0467460390863
889.2224891467436
645.1647020940529
657.6136824177419
103.52431811005725
400.25111435389516
571.3548116398307
682.120297379457
839.9617869939892
759.9503770977565
845.6218241534528
998.7506008053197
143.77030269333724
33.55785215059448
339.149041885768
282.67377885812783
704.5368893837203
253.5891658092071
279.7574923577648
505.9079394295682
343.53754753279264
479.90177290521285
759.2984020156537
75.9804842197126
981.0473615519421
618.6135676520759
589.2637946852077
975.4629008785464
934.2446875857614
274.1989276583464
574.1034281651738
89.30038312573562
687.9517895830871
710.8423032981117
956.3071628044689
286.73902104524484
668.1497944141797
207.13786085062523
128.13182045703553
110.78640963258412
92.15075873975876
702.4806428203749
701.9218626968469
120.52449218354633
669.5056356280274
654.003545585404
684.293883010608
30.22561570204352
784.1714494569337
449.6711990889598
809.0249555882257
794.1065123568602
801.1568199478838
556.1504101870959
49.30498385336812
696.6869558773445
309.81016820181117
819.3343990744075
952.0842390880849
326.1029909657169
441.1101599011896
980.9054961001156
715.5665315928436
31.357407202684207
877.7633573150065
526.0796451641002
865.4700712104335
94.3729735682256
813.609319671198
435.68292500914276
976.4967459156117
383.8468059861282
912.7787492611651
279.96861445588917
132.52277343838804
700.2867357000706
269.2453110812057
362.09127401921415
722.3421897808253
370.2437238820464
473.85778309939883
295.91171558483165
727.366329242768
902.6371994805914
158.63356995692368
485.81471640138983
873.5017650579199
681.2026084307964
807.0405537208476
465.4793224106397
891.5002455797829
734.4736152610411
194.1894962245415
948.0492659721823
658.3939532114547
598.344249761486
552.304359509706
741.908558252555
177.2001224148292
166.13878212195988
444.53316763560434
394.2757053188103
192.89883141939146
207.25026798210766
374.1076181639187
539.087317054484
739.7588648526975
927.7913082693012
356.05481990361363
446.1499175402778
68.40608531201775
545.333302983263
35.109687340659555
195.29651123393765
210.59943309849714
354.69382005779823
446.1721533207569
232.29232837620927
905.5002134416909
172.8636533338379
182.59841201686345
802.4918973214883
733.2901335070233
368.5486877464351
562.810797869359
903.7574391637639
80.31412231886881
905.4342024570375
367.15638971534224
951.9065958041566
994.494411377897
958.1621096592818
854.6392576667795
309.964777514947
80.58249338911794
696.144341512237
63.09730610017705
196.7558872474372
331.8857091699524
772.7184581326891
846.5893165810605
260.8725814307702
198.42611333598427
905.78460051119
710.2033991471415
282.82505093209267
251.05891120794342
690.9452893378422
265.1935164286946
51.175357480063525
516.8984224245477
449.30277905043505
46.29560555852641
447.7219249379685
933.4698251741337
479.4511066241872
508.2707119435572
172.3066809134548
397.3253456106742
556.833310540185
250.1673805728949
339.5752444836023
567.4334242457227
903.5164657372447
903.4910233557299
388.02826658160984
924.4701752208506
137.5706289597979
664.4135585746212
355.95990846265977
584.2127397549233
903.6200719720654
150.35136213261413
599.3869989032154
16.554055837551097
984.7682496683703
117.6855064240665
453.83080468067425
131.2291654855484
700.9809717059077
590.0930220844133
174.82052506870417
157.16384764560277
310.1443705534589
115.90375064872727
731.2458296430625
364.42557919518225
945.3980785894577
198.0922357149033
671.1933455943636
956.0785521738513
345.9756677935634
421.9594570760814
331.6600537728587
391.81363107266145
268.6684125116527
443.25519547014824
121.54413307269817
996.0451304638566
3.1601595726056253
793.4357726851129
471.5717051620422
950.2362843449758
856.8649563413027
408.948819745692
315.32580345175177
672.5356352073984
823.530655559845
897.8806690275617
642.3015874587751
147.37705460086315
904.7559630459871
819.9982343136603
746.919554977003
983.5162559165244
714.6998815602982
675.1620213243976
286.686910468228
851.0469212864955
65.64635742110082
870.2824501959802
158.20391484079767
476.26007200805043
205.7187598962078
666.4367786554005
501.4711416187313
557.7804696992432
259.92289366617337
995.459603525924
850.9604482571871
808.2342693284361
211.82862945081592
79.26484758864017
566.1706557052521
822.772229484334
455.5841377244265
985.3525902236698
194.8968943356557
629.0934883410789
546.5891765076354
608.3994627113478
349.1998432160007
583.1847605098089
284.0364364337979
80.52670689724906
7.069495230314526
740.810394778073
669.6631210867946
281.7849271792956
892.0357154244859
956.8593552670495
604.4375757047454
947.590525675343
728.4852605863027
742.974492777966
408.5387370076505
851.2933253828222
722.2034057825024
348.4610800356286
379.8686713748689
677.7510257874302
573.6657623966189
620.2909046109112
642.4717346669887
497.7309045821051
695.863523839984
945.0888972998888
478.6161961213419
203.1544256645873
78.95364187538168
979.309906044748
186.92756241026055
869.6461969963965
420.7829772940418
933.3825693042622
263.8449915549932
775.5438650363125
725.3429987776448
891.4188743981847
366.8055139241454
725.4702141213724
560.4703152506696
20.15721189460329
84.94359518232596
401.7653584449333
561.6149118269934
549.1274606863565
16.72571987963023
698.5206879017659
570.2568432229866
88.5971463784827
33.823468966793335
380.65296848729247
3.55943204440079
192.67762055319216
896.6605379137642
954.4012195246562
666.1047492140151
72.03986639765392
579.4526321611701
335.82482137094905
235.0653497936337
14.009591067344562
761.1912329147666
760.326766568199
76.92366277121398
377.381745193896
943.9058290347252
388.9207566323956
886.8586526535943
995.1149935907007
570.6715287538699
235.9065751403323
881.1766106892879
440.13648652595884
333.2118161234211
367.8134198690438
918.6713996159804
887.8084999735153
582.5791991000583
804.9159355881776
978.5568434025553
243.17768384849558
386.27935573445893
194.32350837609468
880.6218616634255
791.9491305264754
311.33671966754116
117.5879205667335
997.5168012171964
881.1967517810277
455.1830293246203
845.9707624732047
979.5873934561805
39.14253906735266
594.8824848082452
462.95637228887597
189.43015053228797
502.90730390518365
580.090226515725
536.2919265021275
626.3512810632693
338.95548015241985
256.2739013718098
940.7815734167408
610.1686583888392
213.02762089786899
272.11041591607585
8.2566538820541
389.3046355854092
394.67379143854896
98.60322944601951
912.58942883225
139.8746045277389
766.0718732566754
467.34807586294914
85.313034689245
530.4848681782724
445.6349596262956
221.50786287976587
501.3558535171767
141.7104173394449
133.98197359318343
265.44051791487567
874.5935487843245
549.7317045646682
443.1668487990463
897.5559713555402
159.3674098473492
810.3665830636098
279.6307898056933
315.8617502407709
266.8131304044119
412.7422521924824
817.1634137393755
496.78895104438715
573.789315836682
511.1090005314147
718.2283035343959
965.2737403945268
627.390199397524
388.80608557753374
40.32899938942924
197.70182167715788
429.47253073730616
660.1472852942212
698.6618698936104
529.2063512819983
823.322173653068
674.0019598457312
447.12235451028715
472.9428904051253
798.5304509356228
947.1049942656376
86.80172329984659
301.3470043351898
980.3465935773436
225.6369466503385
14.431506221703971
588.0139320425067
176.21722802435391
950.3732821711897
282.8031461606393
163.72158956973493
614.919246508002
483.7098036444054
61.01092895098492
601.2519452936345
432.63844315609157
446.12893858094924
754.4363334842042
911.047624386411
35.54022075070484
905.1792301231416
72.71216192297902
603.3742188450634
199.82554606139146
961.7984583803448
18.47560114285951
652.5412031445236
157.9594931987688
486.81867845526097
110.53909265310624
184.8672528352885
463.70541123510003
374.7488485853454
152.1786206729765
904.4585233010632
128.7933005940023
702.4389327116162
508.55920213643316
369.5014409457195
380.49600989203026
606.9871000287249
166.88748480659532
236.65386541959944
402.08205647391526
530.2593865026736
818.7021009534232
502.2523790005508
587.0597215590279
716.6489001637278
825.7823834750162
586.4346414794596
163.32172696517978
496.2097455232084
209.47636141273284
829.9102508337554
524.7454701690586
937.0583441484899
737.8195827207943
602.9952025246411
245.4994200179429
908.9429303535783
775.6362357220004
762.6582690695517
546.2506497308121
464.1395408325011
809.8845980171565
635.7105490742272
931.6647659647422
712.3408379607305
465.8291833506105
54.90185254256974
825.0345236283549
42.961729247430135
389.1919489574658
229.57100203440783
288.5680153619785
631.2938939104903
585.2557156189981
393.6292721349065
336.8141147783921
654.1986904648938
677.9628263980034
241.03943201928735
925.8964096459567
536.53592707442
80.37263714066466
132.58558831732725
432.67380131309017
851.2841523798735
252.41175354289325
937.6118738525835
325.6399517271218
204.3152168864075
62.67099098579432
160.5405153142565
773.3199851933126
549.0442181515208
768.0736689119854
694.3632359161112
136.11770737140984
896.6835951095604
278.55998835832065
141.932012828071
644.0119366615077
314.58797196767483
183.5024903287794
150.7589236665706
75.19612957078958
438.18405728779555
482.3881327977826
618.1665159138242
919.7003384012952
461.2378069548922
84.37256551746609
941.0140497336334
337.2304547955273
714.7189223048907
919.6327973460791
707.8570898498496
199.9043715426704
496.2804128334745
940.0142845130028
361.28092326097516
648.2605068680582
770.3790622806158
377.28954664684613
394.2810240924026
882.8590685455471
723.3198712817466
374.41481988904724
586.9468261793737
363.992173417835
928.0161741714816
508.4923357576979
638.3376529708903
198.46372294649473
50.0141318851991
783.7156648884356
303.3224934020422
255.0957192936817
609.3387270644348
388.3960043029249
805.2881481798421
469.56285003339207
301.9758323470083
882.2378386034833
863.0032524772495
874.3522689482504
780.3130722433
508.3521455928245
143.5581377794004
121.0911515345262
593.6192052221231
9.06633143324509
333.1836494703305
650.1797786333016
197.65119193189994
665.4097916890021
303.8846806936476
206.6131513724143
556.7336995753086
277.2247270202389
46.20694291543514
101.06945044079174
882.1658808896639
454.1718971842693
137.0885929795742
471.7892908450008
477.56621628752583
897.471462135062
516.6306874898854
815.4642443046216
494.77512733629624
318.0392191386676
258.753692108914
224.29961967108625
643.192697169747
258.74899598752853
838.0898116032363
91.61041764628297
540.9362415121569
366.8724343792157
119.09387357926072
529.7560442481973
447.960586628976
597.3169555519878
923.2381348824255
381.9134880089361
579.291952836341
418.1042331659389
566.2894743379833
503.13479855097154
60.783390333310706
336.6006550453211
200.0498564049762
936.3298240346404
860.308733396466
968.3321335742314
141.57415771032223
715.2599872595601
704.0683504319189
429.78618280514667
627.7620863215118
289.32516327172095
70.68926325834968
52.4235693315942
594.3534986436988
983.869888897865
845.0589162621797
287.1933866515054
145.7398548619957
484.9313590245423
109.34010744287347
197.16452445002187
355.63660081716955
68.79675681240171
850.3728438353457
120.45783922084885
918.5446788175375
184.4322151484148
70.6756036367996
926.4827533020219
958.0619020763162
40.791887727993355
904.5174465707888
785.5531814108257
990.4878140183738
51.210329400097066
861.0396339818631
525.277075548374
640.7984326872765
343.5268223709568
243.1630466370204
456.6851116892041
212.94998170502112
57.28569248790982
124.02624275600904
18.883717510389197
627.6039883440117
818.3020232128908
1.9560227096764304
713.088069228139
557.7481385196655
606.0772407256061
400.4804976196102
575.211316054647
816.3210577394217
210.9945122239193
231.65277917614492
870.756109585119
179.8309960583986
615.9192195705227
698.9605934934389
786.575415021938
868.0921528989186
930.7752995984357
880.3555036058001
641.1391177493488
842.5844036037486
958.8627587380346
902.4428426103888
538.2641522247768
934.5755981539086
80.12822790323514
793.6314920009382
448.8354623941326
569.0278752950228
899.2945683268998
687.0504678513342
420.86587018766585
511.4429863695337
25.701368084883768
33.29684159215596
990.3127353429144
632.1833381030065
426.90381974919046
878.5876566426066
893.3904753143435
156.43964887677032
29.521958486860566
65.64605972526383
865.6872554064423
247.8976128345317
628.5283087861139
422.6598893830235
654.2153010079408
60.28953398775072
710.1067013161575
619.9086195714777
365.5941966655554
583.3998162921736
493.4112253337377
394.16220084362743
926.8869939544745
708.7252370473735
352.998012829099
267.7139292515929
745.1791172146058
944.8746827245221
796.4000071395335
721.9160383307802
617.8106633833394
123.92506118781054
340.2579597196822
24.345767457625623
567.2424280650476
257.3334322765457
953.6181327071789
554.2365762214467
552.8573282274892
423.637978398845
218.45097716909788
522.5675404039172
946.5677793898849
200.06317712491273
995.1414871327208
441.21133692582936
249.92129687774124
686.2777367812986
174.6465124438662
559.7995994557009
777.4660006660527
610.936113028175
49.210148598961446
759.4714786972854
934.4583132882176
360.26764669815503
939.9730396785361
69.42989231074115
276.56548993904227
22.860045770227156
982.5073708522008
55.23703992894624
755.0359625663247
705.9168521063815
390.25443326818953
817.0390902244955
422.88042799652226
445.65101593920645
91.03642312368099
231.4173587959375
405.9276093885433
8.109880554378224
363.26037647469724
372.3215312096355
127.18812245719602
756.6096981801146
986.1269361600001
754.5478759262326
613.7809525934954
548.0901365670255
462.1015468028088
157.4833377672147
212.74668619829774
313.08267363945583
70.10204912418527
307.34466561890906
195.3925661511061
572.6191542549997
864.3010684855075
622.8985796937413
539.3842433692566
650.2897078477894
246.13710451144522
562.6579107434222
643.6196812226848
748.7923409255528
406.07378574799833
850.8053546115045
852.9910089759632
377.698497836936
756.8418638441261
4.605465672987474
448.4603038392594
842.7929455750425
461.34387116370254
137.82220228099763
192.44547253606981
637.2279387813551
296.09677522305145
972.6678937490393
610.3332581891137
610.8651107002747
385.03288156516925
357.0670606189118
936.0058753275683
736.5613665098489
788.6752580491897
354.52626519089205
52.58897437038246
140.7873911316593
540.1486640645709
150.65915712880275
819.1982340828158
820.8507889242068
482.182439135284
603.4236325609903
890.2825733467477
132.1281273164626
178.2071873937898
253.38558918248742
506.2323018159305
696.0935701215282
245.84244708241874
5.832043394581987
762.2404479417047
853.5637810836761
692.5177830751484
498.31376917023675
546.9765323712134
167.46269201554531
220.66485560334826
375.2056271245899
683.4514381240238
765.5413903507848
13.863744972918646
305.13072054801773
801.523372325289
505.8719454949757
215.52185367634124
597.6016233610958
124.81411979483892
46.56670528937323
168.10888349537723
701.9909893957198
664.3762076009469
906.0570492543555
493.6672473014285
704.9501643276964
277.2710892621574
511.398856936047
265.26179673302244
181.65371793036488
670.2890276550531
49.45436871034814
844.2287738852574
401.754253831049
707.3619488777317
659.4332176231537
439.52886458465167
942.6908606550692
313.7903059618665
135.15810647911087
83.20454345379791
221.00134416173444
861.225823868027
841.5533265675281
509.8872438691826
316.5472460499528
164.42206279658322
992.2373462550698
378.49537829174994
735.0673498057276
124.08488486622416
783.7333537272239
380.70914614639184
431.23406960499176
609.7256909968307
